82 90 81 42 84 30 97 9 40 66 41 75 76 56 33 4 76 94 56 36
55 77 79 15 95 48 7 40 42 40 50 100 62 28 30 44 26 62 43 55
18 0 76 12 40 21 43 96 87 48 80 20 51 14 31 11 68 6 95 83
89 40 45 95 29 36 95 58 80 36 26 99 41 58 51 80 95 59 98 72
72 10 19 31 85 10 61 96 51 23 99 40 33 74 2 81 57 20 77 4
45 58 18 58 30 79 34 22 68 87 10 92 100 2 51 54 49 37 42 88
43 99 33 41 74 61 68 68 22 68 89 3 100 79 92 33 47 44 18 33
46 85 47 14 47 13 1 56 6 59 39 40 1 71 71 53 88 48 77 37
58 58 58 76 55 74 78 56 39 25 67 16 100 66 91 25 16 82 95 59
52 97 63 30 81 70 89 49 86 42 62 28 67 78 57 68 9 69 7 87
1 11 58 55 31 10 33 9 50 1 36 54 28 14 56 64 98 12 70 27
25 30 25 67 20 1 96 44 65 36 52 57 99 54 53 74 30 59 90 8
44 42 3 49 46 4 36 40 50 70 29 65 57 54 43 84 83 86 55 38
88 63 70 50 55 66 34 28 95 59 14 74 36 27 50 59 93 89 43 3
92 63 76 9 95 69 61 53 64 12 62 57 98 22 59 43 73 12 95 65
69 52 24 79 52 18 23 26 94 68 21 49 74 11 21 24 89 97 39 52
9 62 57 18 17 62 18 59 70 83 93 80 57 95 24 41 68 79 40 8
38 56 65 2 56 51 46 31 1 93 69 90 55 91 39 53 2 66 91 61
48 1 38 94 41 51 38 26 89 67 72 68 66 29 39 15 8 18 80 74
36 59 51 78 55 38 2 9 17 5 43 63 16 23 92 5 16 41 36 32
